00
00
00
00
01
1E
00
1F
00
00
00
03
00
01
1A
00
06
1A
1F
1E
02
1F
00
00
00
00
01
1F
1F
1F
02
1B
1D
04
05
00
1F
1E
1C
03
1E
1D
00
02
01
00
02
00
00
00
04
1E
03
00
04
01
00
02
1E
00
00
03
00
00
00
00
00
00
05
03
00
01
00
00
00
01
00
05
03
00
00
04
03
01
07
1C
00
00
00
00
03
1F
00
06
05
1B
04
01
00
08
00
05
04
1E
1E
1B
00
00
02
05
07
1D
00
00
1C
01
1B
00
03
08
05
1F
1E
00
00
00
00
00
00
00
00
00
00
00
00
00
00
00
00
00
00
00
00
00
00
00
00
00
00
00
00
00
00
00
00
00
00
00
00
00
00
00
00
00
00
00
00
00
00
00
00
00
00
00
00
00
00
00
00
00
00
00
00
00
00
00
00
00
00
00
00
00
00
00
00
00
00
00
00
00
00
00
00
00
00
00
00
00
00
00
00
00
00
00
00
00
00
00
00
00
00
00
00
00
00
00
00
00
00
00
00
00
00
00
00
00
00
00
00
00
00
00
00
00
00
00
00
00
00
00
00
00
00
00
00
00
00
00
00
00
05
0E
00
02
00
00
00
1A
00
01
08
00
03
1D
01
15
00
01
00
01
00
00
01
0F
05
1C
01
1A
1E
03
03
1E
04
00
07
1B
17
0B
00
01
02
01
00
1E
00
00
08
03
06
00
02
00
01
08
1E
00
00
1B
00
00
00
00
00
00
00
00
00
00
00
00
00
00
00
00
00
00
00
00
00
00
00
00
00
00
00
00
00
00
00
00
00
00
00
00
00
00
00
00
00
00
00
00
00
00
00
00
00
00
00
00
00
00
00
00
00
00
00
00
00
00
00
00
00
00
00
00
00
00
03
06
00
02
00
00
00
02
00
05
00
00
01
01
00
02
07
00
00
03
00
00
03
1F
1F
07
06
00
05
01
1E
07
01
03
03
1D
1F
1B
00
03
04
06
07
1D
00
00
1C
02
1E
00
04
07
06
1F
00
00
00
00
00
00
00
00
00
00
00
00
00
00
00
00
00
00
00
00
00
00
00
00
00
00
00
00
00
00
00
00
00
00
00
00
00
00
00
00
00
00
00
00
00
00
00
00
00
00
00
00
00
00
00
00
00
00
00
00
00
00
00
00
00
00
00
00
00
00
00
00
00
00
00
1E
00
00
00
00
00
1A
00
00
1D
00
00
01
15
01
00
1A
00
0C
00
00
1F
00
09
03
04
1D
01
1C
03
1D
0B
01
17
1D
01
1B
00
00
08
04
1E
07
00
00
01
1F
1F
00
02
1E
05
02
1E
00
00
04
00
00
00
00
00
00
00
00
00
00
00
00
00
00
00
00
00
00
00
00
00
00
00
00
00
00
00
00
00
00
00
00
00
00
00
00
00
00
00
00
00
00
00
00
00
00
00
00
00
00
00
00
00
00
00
00
00
00
00
00
00
00
00
00
00
00
00
00
00
00
00
00
00
00
00
00
00
00
00
00
00
00
00
00
00
00
00
00
00
00
00
00
00
00
00
00
00
00
00
00
00
00
00
00
00
00
00
00
00
00
00
00
00
00
00
00
00
00
00
00
00
00
00
00
00
00
00
00
00
00
00
00
00
00
00
00
00
00
00
00
00
00
00
00
00
00
00
00
00
00
00
00
00
00
00
00
00
00
00
00
00
00
00
00
00
00
00
00
00
00
00
00
00
00
00
00
00
00
00
00
00
00
00
00
00
00
00
00
00
00
00
00
00
00
00
00
00
00
00
00
00
00
00
00
00
00
00
00
00
00
00
00
00
00
00
00
00
00
00
00
00
00
00
00
00
00
00
00
00
00
00
00
00
00
00
00
00
00
00
00
00
00
00
00
00
00
00
00
00
00
00
00
00
00
00
00
00
00
00
00
00
00
02
1D
00
1F
00
00
00
06
00
02
16
00
0A
17
1F
1E
03
1F
00
1F
00
00
02
1E
1E
1F
03
18
1C
07
09
00
1E
1C
1A
06
1D
1B
00
02
01
00
03
00
00
00
05
1D
05
00
07
02
00
04
1D
00
00
05
00
00
00
00
00
00
02
1C
00
00
00
00
00
17
00
00
1B
00
00
04
15
02
00
15
00
0D
00
00
1F
00
0D
03
05
1B
00
1C
05
1C
0C
02
17
1D
1F
19
00
1F
08
04
1F
08
00
00
02
1F
1E
00
03
1E
05
04
1E
00
00
06
00
00
00
00
00
00
00
00
00
00
00
00
00
00
00
00
00
00
00
00
00
00
00
00
00
00
00
00
00
00
00
00
00
00
00
00
00
00
00
00
00
00
00
00
00
00
00
00
00
00
00
00
00
00
00
00
00
00
00
00
00
00
00
00
00
00

