00
00
00
00
05
04
00
01
00
00
00
01
00
05
02
00
00
04
03
02
08
1D
00
00
00
00
03
1F
00
07
06
1C
04
01
00
08
00
05
04
1D
1D
1A
00
01
03
05
08
1C
00
00
1B
01
1C
00
04
08
05
1F
1F
00
00
00
00
00
00
00
00
00
02
02
00
01
00
00
00
00
00
02
01
00
00
02
02
01
04
1F
00
00
00
00
02
00
00
03
03
1E
02
01
00
04
00
02
02
1F
1F
1D
00
00
01
02
04
1E
00
00
1E
01
1F
00
02
04
02
00
00
00
00
00
00
00
00
00
00
00
00
00
00
00
00
00
00
00
00
00
00
00
00
00
00
00
00
00
00
00
00
00
00
00
00
00
00
00
00
00
00
00
00
00
00
00
00
00
00
00
00
00
00
00
00
00
00
00
00
00
00
00
00
00
00
00
00
00
00
00
00
00
00
00
1E
1F
00
0A
00
00
00
01
00
07
03
00
1F
1B
01
1E
02
01
00
1F
00
00
06
1D
03
02
1E
03
1B
1E
00
00
1E
05
00
03
04
1B
00
17
00
05
02
00
00
00
01
04
04
00
1E
02
03
04
07
00
00
00
00
00
00
00
00
00
02
1E
00
1F
00
00
00
04
00
01
19
00
07
19
1F
1E
02
1F
00
1F
00
00
02
1F
1F
1F
02
1A
1D
06
07
00
1E
1D
1C
04
1E
1C
00
02
01
00
02
00
00
00
04
1E
04
00
05
02
00
03
1E
00
00
03
00
00
00
00
00
00
00
00
00
00
00
00
00
00
00
00
00
00
00
00
00
00
00
00
00
00
00
00
00
00
00
00
00
00
00
00
00
00
00
00
00
00
00
00
00
00
00
00
00
00
00
00
00
00
00
00
00
00
00
00
00
00
00
00
00
00
00
00
00
00
00
00
00
00
00
00
00
00
00
00
00
00
00
00
00
00
00
00
00
00
00
00
00
00
00
00
00
00
00
00
00
00
00
00
00
00
00
00
00
00
00
00
00
00
00
00
00
00
00
00
00
00
00
00
00
00
00
00
00
00
00
00
00
00
00
00
00
00
00
00
00
00
00
00
00
00
00
00
00
00
00
00
00
00
00
00
00
00
00
00
00
00
00
00
00
00
00
00
00
00
00
00
00
00
00
00
00
00
00
00
00
00
00
00
00
00
00
00
00
00
00
00
00
00
00
00
00
00
1D
1D
00
0E
00
00
00
02
00
0A
05
00
1E
18
01
1D
02
02
00
1F
00
00
09
1E
03
03
1D
05
1A
1D
00
00
1C
08
1F
03
07
19
00
13
00
07
02
01
00
00
01
07
06
00
1D
02
04
05
0A
00
00
1F
00
00
00
00
00
00
00
00
00
00
00
00
00
00
00
00
00
00
00
00
00
00
00
00
00
00
00
00
00
00
00
00
00
00
00
00
00
00
00
00
00
00
00
00
00
00
00
00
00
00
00
00
00
00
00
00
00
00
00
00
00
00
00
00
00
00
00
00
00
00
00
00
00
00
00
00
00
00
00
00
00
00
00
00
00
00
00
00
00
00
00
00
00
00
00
00
00
00
00
00
00
00
00
00
00
00
00
00
00
00
00
00
00
00
00
00
00
00
00
00
00
00
00
00
00
00
00
00
00
00
00
00
00
00
01
1F
00
00
00
00
00
02
00
01
1C
00
04
1D
1F
1F
01
1F
00
00
00
00
01
1F
1F
1F
01
1C
1E
03
04
00
1F
1E
1E
02
1F
1E
00
01
00
00
01
00
00
00
02
1F
02
00
03
01
00
02
1E
00
00
02
00
00
00
00
00
00
1F
00
00
07
00
00
00
01
00
05
02
00
1F
1C
00
1F
01
02
00
00
00
00
04
1E
01
02
1F
03
1D
1F
1F
00
1E
03
1F
02
04
1D
00
1B
01
04
01
01
00
00
01
03
03
00
1F
01
03
02
04
00
00
00
00
00
00
00
00
00
00
00
00
00
00
00
00
00
00
00
00
00
00
00
00
00
00
00
00
00
00
00
00
00
00
00
00
00
00
00
00
00
00
00
00
00
00
00
00
00
00
00
00
00
00
00
00
00
00
00
00
00
00
00
00
00
00
00
00
00
00
00
00
00
05
02
00
01
00
00
00
01
00
04
02
00
00
03
03
01
07
1C
00
01
00
00
02
01
00
05
05
1C
05
01
00
09
02
05
03
1B
1E
1A
00
01
02
05
07
1C
00
00
1B
01
1C
00
03
07
05
1F
1F
00
00
00
00
00
00
00
00
00
09
16
00
1C
00
00
00
1A
00
02
04
00
03
07
0D
1F
06
12
00
1B
00
00
02
04
09
1F
05
15
1E
00
0B
05
04
0B
00
18
17
00
00
17
1E
00
07
1C
00
00
1B
1F
03
00
06
07
00
00
1E
00
00
04
00
00

