00
FD
00
05
00
FE
29
F1
22
00
FE
00
00
1C
00
00
00
FA
00
23
2E
00
00
FD
FF
01
1F
F7
00
00
00
00
0E
EC
00
00
F8
00
F2
03
10
EC
FD
0A
F8
00
FB
D8
FC
04
03
00
00
FF
00
05
00
DE
01
00
00
10
FE
FE
00
00
00
04
00
FF
00
00
FF
00
08
00
00
01
00
00
00
FD
00
FE
FF
00
00
09
06
00
FF
FF
00
00
00
09
01
00
00
02
FF
00
00
08
00
00
00
00
FF
00
FF
00
03
04
01
00
00
00
00
07
08
FF
02
00
00
01
08
07
00
00
00
00
00
00
00
00
00
00
00
00
00
00
00
00
00
00
00
00
00
00
00
00
00
00
00
00
00
00
00
00
00
00
00
00
00
00
00
00
00
00
00
00
00
00
00
00
00
00
00
00
00
00
00
00
00
00
00
00
00
00
00
00
00
10
00
01
00
08
04
04
02
00
02
00
00
01
00
00
00
FF
00
FD
04
00
00
02
01
FE
00
03
00
00
00
01
FD
01
00
00
01
00
FE
FF
05
FA
00
00
03
00
13
FF
F8
01
01
00
00
00
00
00
FD
F9
F5
00
00
FD
02
01
00
FF
00
FB
00
F5
FD
F8
FD
00
00
00
00
A9
00
00
00
00
00
0B
03
00
00
00
00
15
05
F7
00
00
00
00
0A
FE
00
00
FF
00
44
FB
B3
3E
FE
E3
FE
00
FB
06
F7
FD
01
00
00
FF
00
F8
FF
5E
09
00
00
0D
00
00
00
04
00
07
00
02
02
FC
02
00
0A
00
00
FD
00
00
00
FD
00
02
03
00
00
0C
08
00
03
00
00
00
00
0C
FF
FE
00
02
FF
00
03
0A
FD
02
FF
FF
FF
00
01
FF
01
06
02
00
00
00
00
09
07
02
FF
00
00
00
0B
0A
00
03
00
02
00
FD
08
06
05
00
02
00
00
13
00
00
00
FD
00
0A
05
00
00
03
02
D1
05
0C
00
00
00
02
F2
07
00
00
FE
00
07
07
32
C9
2D
E1
FC
00
08
05
E3
03
FE
00
00
00
00
04
01
E4
FF
00
00
EE
02
03
00
E7
00
00
00
F3
04
0B
06
00
05
00
00
16
00
00
00
00
00
00
03
00
00
05
03
0E
F8
12
00
00
01
04
E4
08
00
01
FC
00
DE
03
02
07
F0
22
F9
00
E3
EA
27
01
04
00
00
03
00
04
0E
DE
53
00
00
DF
05
05
00
18
00
03
00
0F
26
E6
19
00
09
00
00
F7
00
00
00
F9
00
23
24
00
00
0B
07
FE
21
FC
00
00
02
0A
04
E8
00
02
FB
00
04
F7
FE
FC
09
FA
0F
00
15
ED
04
00
03
00
00
02
00
FB
FE
F9
EB
00
00
07
0A
08
00
03
00
FE
00
FC
02
F9
05
00
01
00
00
F8
00
00
00
FF
00
08
02
00
00
01
01
0A
05
1B
00
00
02
00
DF
FB
00
00
FB
00
FD
F8
EC
14
EA
0D
06
00
05
FC
FB
FD
07
00
00
03
00
FC
FD
12
00
00
00
D7
01
01
00
14
00
08
00
11
F3
0A
FB
00
0A
00
00
FB
00
00
00
FC
00
F0
EA
00
00
0C
07
F7
F2
18
00
00
03
0B
E0
0B
00
02
FE
00
FE
07
F4
03
F2
07
1B
00
18
03
F2
07
0D
00
00
06
00
0A
02
F9
FF
00
00
DB
0B
09
00
00
00
00
00
00
00
00
00
00
00
00
00
00
00
00
00
00
00
00
00
00
00
00
00
00
00
00
00
00
00
00
00
00
00
00
00
00
00
00
00
00
00
00
00
00
00
00
00
00
00
00
00
00
00
00
00
00
00
00
00
00
00
00
00
00
00
00
00
00
00
00
00
00
00
00
00
00
00
00
00
00
00
00
00
00
00
00
00
00
00
00
00
00
00
00
00
00
00
00
00
00
00
00
00
00
00
00
00
00
00
00
00
00
00
00
00
00
00
00
00
00
00
00
00
00
00
00
00
05
00
FF
00
09
ED
11
E9
00
F9
00
00
E9
00
00
00
07
00
EA
E3
00
00
F8
FB
04
EF
03
00
00
01
F9
FC
13
00
FF
05
00
0D
FC
EF
0E
02
F6
12
00
09
15
0D
FE
06
00
00
00
00
FC
FA
1D
FA
00
00
FB
F8
FA
00
00
00
FD
00
08
17
F2
11
00
F7
00
00
F0
00
00
00
04
00
1B
19
00
00
F5
F9
0E
19
F9
00
00
FE
F8
09
F3
00
FE
01
00
15
FA
ED
13
0B
FF
F8
00
02
02
F2
FD
F6
00
00
FD
00
FC
F9
14
F2
00
00
0A
F6
F8
00
04
00
00
00
FF
00
F4
FD
00
03
00
00
F0
00
00
00
FD
00
FB
00
00
00
04
03
1F
FB
18
00
00
04
03
E2
FB
00
01
FC
00
FD
01
E5
22
E3
13
05
00
04
FD
FB
01
12
00
00
04
00
02
00
13
06
00
00
DC
04
03

