F9
00
FF
08
00
00
F8
00
FF
00
00
FF
08
00
00
00
00
00
01
00
F8
00
F8
00
00
01
00
00
00
FF
FF
00
F8
00
00
09
00
00
F7
00
00
00
00
00
09
00
00
00
00
00
00
00
F7
00
F7
00
00
00
00
00
00
00
00
00
A0
00
E4
58
00
00
A8
00
03
00
00
F1
5E
00
00
00
00
00
1B
00
A3
00
A9
00
00
FA
00
00
00
DF
07
00
62
00
18
A6
00
00
56
00
FB
00
00
03
A0
00
00
00
00
00
F3
00
63
00
5B
00
00
05
00
00
00
21
F7
00
00
00
00
00
00
00
00
00
00
00
00
00
00
00
00
00
00
00
00
00
00
00
00
00
00
00
00
00
00
00
00
00
00
00
00
00
00
00
00
00
00
00
00
00
00
00
00
00
00
00
00
00
00
00
00
00
00
00
00
00
00
00
00
00
00
00
00
00
00
00
00
00
00
00
00
00
00
00
00
00
00
00
00
00
00
00
00
00
00
00
00
00
00
00
00
00
00
00
00
00
00
00
00
00
00
00
00
00
00
00
00
00
00
00
00
00
00
00
00
00
00
00
00
00
00
00
00
00
81
00
10
83
00
00
7C
00
0C
00
00
0A
7D
00
00
00
00
00
F2
00
7F
00
74
00
00
F6
00
00
00
1A
07
00
9B
00
F2
62
00
00
A5
00
03
00
00
F6
63
00
00
00
00
00
05
00
9A
00
9D
00
00
FC
00
00
00
EF
05
00
F8
00
FF
08
00
00
F8
00
FF
00
00
FF
08
00
00
00
00
00
01
00
F8
00
F8
00
00
01
00
00
00
FE
FF
00
F7
00
01
0A
00
00
F6
00
00
00
00
01
09
00
00
00
00
00
FF
00
F7
00
F6
00
00
00
00
00
00
01
00
00
01
00
00
FF
00
00
01
00
F2
00
00
F6
00
00
00
00
00
00
01
00
01
00
01
00
00
0D
00
00
00
00
F3
00
02
00
01
FE
00
00
02
00
F1
00
00
F6
FF
00
00
00
00
00
00
00
02
00
02
00
00
0E
00
00
00
00
F2
00
F8
00
FF
09
00
00
F8
00
FF
00
00
FF
08
00
00
00
00
00
01
00
F8
00
F7
00
00
01
00
00
00
FF
00
00
F7
00
01
0A
00
00
F6
00
00
00
00
01
09
00
00
00
00
00
FF
00
F7
00
F6
00
00
00
00
00
00
01
00
00
FE
00
00
02
00
00
FE
00
00
00
00
00
02
00
00
00
00
00
00
00
FE
00
FE
00
00
00
00
00
00
00
00
00
FE
00
00
02
00
00
FE
00
00
00
00
00
02
00
00
00
00
00
00
00
FE
00
FE
00
00
00
00
00
00
00
00
00
F3
00
01
0E
00
00
F2
00
FF
00
00
FF
0D
00
00
00
00
00
FE
00
F3
00
F2
00
00
02
00
00
00
03
FF
00
F0
00
01
12
00
00
EF
00
02
00
00
02
11
00
00
00
00
00
FE
00
EF
00
EE
00
00
FF
00
00
00
03
02
00
FA
00
FB
FF
00
00
FD
00
7A
00
00
0A
05
00
00
00
00
00
1A
00
F9
00
FA
00
00
6D
00
00
00
EE
91
00
02
00
F5
F5
00
00
01
00
81
00
00
EF
FA
00
00
00
00
00
F1
00
04
00
05
00
00
A0
00
00
00
01
66
00
5C
00
4C
9D
00
00
65
00
F3
00
00
23
9C
00
00
00
00
00
AB
00
5E
00
64
00
00
14
00
00
00
41
F0
00
8D
00
B9
75
00
00
8C
00
0D
00
00
ED
70
00
00
00
00
00
4C
00
8A
00
8A
00
00
EE
00
00
00
C0
13
00
00
00
00
00
00
00
00
00
00
00
00
00
00
00
00
00
00
00
00
00
00
00
00
00
00
00
00
00
00
00
00
00
00
00
00
00
00
00
00
00
00
00
00
00
00
00
00
00
00
00
00
00
00
00
00
00
00
00
00
00
00
00
00
00
F8
00
02
09
00
00
F7
00
FE
00
00
FF
09
00
00
00
00
00
FE
00
F7
00
F7
00
00
02
00
00
00
02
FE
00
F6
00
02
0C
00
00
F5
00
00
00
00
00
0B
00
00
00
00
00
FE
00
F5
00
F5
00
00
01
00
00
00
03
FF
00
00
00
00
00
00
00
00
00
00
00
00
00
00
00
00
00
00
00
00
00
00
00
00
00
00
00
00
00
00
00
00
00
00
00
00
00
00
00
00
00
00
00
00
00
00
00
00
00
00
00
00
00
00
00
00
00
00
00
00
00
00
00
00
00
FA
00
FF
07
00
00
F9
00
FF
00
00
FF
07
00
00
00
00
00
01
00
FA
00
F9
00
00
01
00
00
00
FF
FF
00
F9
00
01
08
00
00
F8
00
00
00
00
00
08
00
00
00
00
00
FF
00
F9
00
F8
00
00
00
00
00
00
01
00
00

