FA
00
F2
05
00
00
FA
00
FE
00
00
F9
07
00
00
00
00
00
11
00
FA
00
FA
00
00
01
00
00
00
F2
FF
00
FA
00
F8
05
00
00
FA
00
FE
00
00
FC
06
00
00
00
00
00
0B
00
FA
00
FA
00
00
02
00
00
00
F8
FE
00
F8
00
EA
08
00
00
F9
00
0B
00
00
05
09
00
00
00
00
00
14
00
F8
00
F7
00
00
F4
00
00
00
ED
0D
00
F8
00
EB
09
00
00
F7
00
01
00
00
FD
0A
00
00
00
00
00
15
00
F8
00
F6
00
00
FE
00
00
00
ED
03
00
00
00
00
00
00
00
00
00
00
00
00
00
00
00
00
00
00
00
00
00
00
00
00
00
00
00
00
00
00
00
00
00
00
00
00
00
00
00
00
00
00
00
00
00
00
00
00
00
00
00
00
00
00
00
00
00
00
00
00
00
00
00
00
00
07
00
BB
EE
00
00
11
00
13
00
00
44
F5
00
00
00
00
00
25
00
0A
00
07
00
00
D4
00
00
00
D1
36
00
F1
00
4F
13
00
00
F2
00
EF
00
00
A3
16
00
00
00
00
00
DE
00
EB
00
EF
00
00
1E
00
00
00
32
D3
00
09
00
00
F8
00
00
09
00
FF
00
00
00
F8
00
00
00
00
00
00
00
09
00
09
00
00
01
00
00
00
01
FF
00
0A
00
FE
F6
00
00
0A
00
FF
00
00
FE
F6
00
00
00
00
00
02
00
0A
00
0A
00
00
01
00
00
00
FE
00
00
00
00
00
00
00
00
00
00
00
00
00
00
00
00
00
00
00
00
00
00
00
00
00
00
00
00
00
00
00
00
00
00
00
00
00
00
00
00
00
00
00
00
00
00
00
00
00
00
00
00
00
00
00
00
00
00
00
00
00
00
00
00
00
00
01
00
8C
06
00
00
01
00
17
00
00
F4
FA
00
00
00
00
00
93
00
FF
00
FE
00
00
D0
00
00
00
7E
26
00
0A
00
7A
F8
00
00
05
00
F0
00
00
10
EF
00
00
00
00
00
66
00
0D
00
0A
00
00
24
00
00
00
93
E4
00
00
00
00
00
00
00
00
00
00
00
00
00
00
00
00
00
00
00
00
00
00
00
00
00
00
00
00
00
00
00
00
00
00
00
00
00
00
00
00
00
00
00
00
00
00
00
00
00
00
00
00
00
00
00
00
00
00
00
00
00
00
00
00
00
96
00
EB
5D
00
00
A1
00
05
00
00
F6
68
00
00
00
00
00
0C
00
9B
00
9E
00
00
FE
00
00
00
EC
FF
00
6D
00
FE
98
00
00
66
00
05
00
00
FA
98
00
00
00
00
00
06
00
6D
00
64
00
00
FC
00
00
00
0D
FB
00
00
00
00
00
00
00
00
00
00
00
00
00
00
00
00
00
00
00
00
00
00
00
00
00
00
00
00
00
00
00
00
00
00
00
00
00
00
00
00
00
00
00
00
00
00
00
00
00
00
00
00
00
00
00
00
00
00
00
00
00
00
00
00
00
0A
00
28
00
00
00
0D
00
F0
00
00
2F
FA
00
00
00
00
00
F8
00
07
00
0A
00
00
0D
00
00
00
12
EB
00
F7
00
E1
0A
00
00
FA
00
01
00
00
D3
06
00
00
00
00
00
02
00
F8
00
F8
00
00
06
00
00
00
F3
FC
00
00
00
00
00
00
00
00
00
00
00
00
00
00
00
00
00
00
00
00
00
00
00
00
00
00
00
00
00
00
00
00
00
00
00
00
00
00
00
00
00
00
00
00
00
00
00
00
00
00
00
00
00
00
00
00
00
00
00
00
00
00
00
00
00
F9
00
00
08
00
00
F8
00
FF
00
00
FF
07
00
00
00
00
00
00
00
F9
00
F8
00
00
01
00
00
00
01
FF
00
F8
00
01
09
00
00
F7
00
00
00
00
00
08
00
00
00
00
00
FF
00
F8
00
F7
00
00
00
00
00
00
01
00
00
00
00
00
00
00
00
00
00
FF
00
00
FF
00
00
00
00
00
00
00
00
00
00
FF
00
00
01
00
00
00
00
FF
00
00
00
00
00
00
00
00
00
FF
00
00
FF
00
00
00
00
00
00
00
00
00
00
00
00
00
01
00
00
00
00
FF
00
24
00
18
DE
00
00
24
00
39
00
00
D3
E3
00
00
00
00
00
06
00
1F
00
24
00
00
DF
00
00
00
FA
1C
00
E9
00
0A
0F
00
00
EB
00
C6
00
00
31
18
00
00
00
00
00
E8
00
E9
00
E8
00
00
31
00
00
00
16
D8
00
FE
00
FF
02
00
00
FE
00
16
00
00
0F
00
00
00
00
00
00
FF
00
FE
00
FE
00
00
EC
00
00
00
00
14
00
FD
00
00
03
00
00
FD
00
19
00
00
11
02
00
00
00
00
00
FF
00
FD
00
FD
00
00
E9
00
00
00
01
17
00

