00
00
00
00
00
00
00
00
00
00
00
00
00
00
00
00
00
00
00
00
00
00
00
00
00
00
00
00
00
00
00
00
00
00
00
00
00
00
00
00
00
00
00
00
00
00
00
00
00
00
00
00
00
00
00
00
00
00
00
00
00
00
00
00
00
00
00
00
00
00
00
00
00
00
00
00
00
00
00
00
00
00
00
00
00
00
00
00
00
00
00
00
00
00
00
00
00
00
00
00
00
00
00
00
00
00
00
00
00
00
00
00
00
00
00
00
00
00
00
00
00
00
00
00
00
00
00
00
8E
00
E1
72
00
00
8C
00
0A
00
00
F7
73
00
00
00
00
00
24
00
91
00
8A
00
00
F0
00
00
00
E6
0E
00
7C
00
1C
7E
00
00
85
00
EB
00
00
FD
86
00
00
00
00
00
E0
00
80
00
84
00
00
14
00
00
00
15
EE
00
00
00
00
00
00
00
00
00
00
00
00
00
00
00
00
00
00
00
00
00
00
00
00
00
00
00
00
00
00
00
00
00
00
00
00
00
00
00
00
00
00
00
00
00
00
00
00
00
00
00
00
00
00
00
00
00
00
00
00
00
00
00
00
00
00
00
00
00
00
00
00
00
00
00
00
00
00
00
00
00
00
00
00
00
00
00
00
00
00
00
00
00
00
00
00
00
00
00
00
00
00
00
00
00
00
00
00
00
00
00
00
00
00
00
00
00
00
00
00
00
00
00
00
00
00
00
00
00
3B
00
13
CB
00
00
31
00
07
00
00
0C
C2
00
00
00
00
00
F7
00
3B
00
35
00
00
FA
00
00
00
1C
01
00
AB
00
F1
4A
00
00
B7
00
F3
00
00
EB
52
00
00
00
00
00
0C
00
AF
00
B9
00
00
0D
00
00
00
EB
F5
00
FB
00
FF
06
00
00
FA
00
FF
00
00
FF
05
00
00
00
00
00
01
00
FB
00
FA
00
00
01
00
00
00
FF
FF
00
FA
00
01
07
00
00
FA
00
00
00
00
00
06
00
00
00
00
00
FF
00
FA
00
F9
00
00
00
00
00
00
01
00
00
00
00
00
00
00
00
00
00
00
00
00
00
00
00
00
00
00
00
00
00
00
00
00
00
00
00
00
00
00
00
00
00
00
00
00
00
00
00
00
00
00
00
00
00
00
00
00
00
00
00
00
00
00
00
00
00
00
00
00
00
00
00
00
00
FF
00
00
01
00
00
FF
00
12
00
00
0E
FF
00
00
00
00
00
FF
00
FF
00
FF
00
00
EF
00
00
00
00
11
00
FF
00
00
01
00
00
FF
00
14
00
00
0F
00
00
00
00
00
00
FF
00
FF
00
FF
00
00
EE
00
00
00
00
13
00
07
00
FE
F9
00
00
08
00
FD
00
00
FC
F9
00
00
00
00
00
02
00
07
00
07
00
00
04
00
00
00
FD
FC
00
09
00
FB
F7
00
00
09
00
01
00
00
FE
F7
00
00
00
00
00
05
00
09
00
09
00
00
00
00
00
00
FB
00
00
04
00
AA
FA
00
00
FD
00
1A
00
00
BC
F8
00
00
00
00
00
37
00
07
00
FF
00
00
EE
00
00
00
BE
1E
00
00
00
52
08
00
00
F4
00
F7
00
00
49
02
00
00
00
00
00
D1
00
FB
00
F7
00
00
0D
00
00
00
3B
EA
00
01
00
F0
FF
00
00
01
00
F6
00
00
E7
00
00
00
00
00
00
14
00
00
00
01
00
00
07
00
00
00
ED
F8
00
00
00
FA
FF
00
00
01
00
F4
00
00
EB
00
00
00
00
00
00
0A
00
00
00
01
00
00
0A
00
00
00
F7
F6
00
FB
00
11
06
00
00
F9
00
0A
00
00
14
08
00
00
00
00
00
EA
00
F9
00
F9
00
00
F6
00
00
00
16
09
00
FC
00
1A
06
00
00
F9
00
07
00
00
16
07
00
00
00
00
00
E2
00
FA
00
F9
00
00
FA
00
00
00
1E
05
00
00
00
00
00
00
00
00
00
00
00
00
00
00
00
00
00
00
00
00
00
00
00
00
00
00
00
00
00
00
00
00
00
00
00
00
00
00
00
00
00
00
00
00
00
00
00
00
00
00
00
00
00
00
00
00
00
00
00
00
00
00
00
00
00
FA
00
02
06
00
00
FA
00
00
00
00
00
06
00
00
00
00
00
FE
00
FA
00
FA
00
00
00
00
00
00
02
00
00
F9
00
03
08
00
00
F9
00
00
00
00
01
07
00
00
00
00
00
FD
00
F9
00
F8
00
00
00
00
00
00
04
00
00
00
00
00
00
00
00
00
00
00
00
00
00
00
00
00
00
00
00
00
00
00
00
00
00
00
00
00
00
00
00
00
00
00
00
00
00
00
00
00
00
00
00
00
00
00
00
00
00
00
00
00
00
00
00
00
00
00
00
00
00
00
00
00
00

