00
00
00
00
00
00
00
00
00
00
00
00
00
00
00
00
00
00
00
00
00
00
00
00
00
00
00
00
00
00
00
00
00
00
00
00
00
00
00
00
00
00
00
00
00
00
00
00
00
00
00
00
00
00
00
00
00
00
00
00
00
00
00
00
00
00
00
00
00
00
00
00
00
00
00
00
00
00
00
00
00
00
00
00
00
00
00
00
00
00
00
00
00
00
00
00
00
00
00
00
00
00
00
00
00
00
00
00
00
00
00
00
00
00
00
00
00
00
00
00
00
00
00
00
00
00
00
00
00
00
00
00
00
00
00
00
00
00
00
00
00
00
00
00
00
00
00
00
00
00
00
00
00
00
00
00
00
00
00
00
00
00
00
00
00
00
00
00
00
00
00
00
00
00
00
00
00
00
00
00
00
00
00
00
00
00
00
00
00
00
00
00
00
00
00
00
00
00
00
00
00
00
00
00
00
00
00
00
00
00
00
00
00
00
00
00
00
00
00
00
00
00
00
00
00
00
00
00
00
00
00
00
00
00
00
00
00
00
00
00
00
00
00
00
00
00
00
00
00
00
00
00
00
00
00
00
00
00
00
00
04
09
00
00
79
00
00
00
00
7B
00
00
00
79
02
00
1A
00
00
7F
7A
00
00
00
00
00
00
04
00
00
00
1B
00
00
00
78
00
00
7E
03
00
79
00
00
7A
00
00
00
00
00
00
00
00
7D
00
00
7B
00
00
00
00
00
7F
00
00
79
00
00
00
03
7F
00
00
00
00
01
00
7B
00
00
00
78
00
00
1C
00
00
00
00
00
03
00
00
00
00
00
01
78
00
00
18
04
00
00
00
00
00
79
00
00
00
00
00
00
00
00
79
00
00
00
00
00
1C
00
00
00
00
00
00
00
00
00
00
00
00
00
00
00
00
00
00
00
00
00
00
00
00
00
00
00
00
00
00
00
00
00
00
00
00
00
00
00
00
00
00
00
00
00
00
00
00
00
00
00
00
00
00
00
00
00
00
00
00
00
00
00
00
00
00
00
00
00
00
00
00
00
00
00
00
00
00
00
00
00
00
00
00
00
00
00
00
00
00
00
00
00
00
00
00
00
00
00
00
00
00
00
00
00
00
00
00
00
00
00
00
00
00
00
00
00
00
00
00
00
00
00
00
00
00
00
00
00
00
00
00
00
00
00
00
00
00
00
00
00
00
00
00
00
00
00
00
00
00
00
00
00
00
00
00
00
00
00
00
00
00
00
00
00
00
00
00
00
00
00
00
00
00
00
00
00
00
00
00
00
00
00
00
00
00
00
00
00
00
00
00
00
00
00
00
00
00
00
00
00
00
00
00
00
00
00
00
00
00
00
00
00
00
00
00
00
00
00
00
00
00
00
00
00
00
00
00
00
00
00
00
00
00
00
00
00
00
00
00
00
00
00
00
00
00
00
00
00
00
00
00
00
00
00
00
00
00
00
00
00
00
00
00
00
00
00
00
00
00
00
00
00
00
00
00
00
00
00
00
00
00
00
00
00
00
00
00
00
00
00
00
00
00
00
00
00
00
00
00
00
00
00
00
00
00
00
00
00
00
00
00
00
00
00
00
00
00
00
00
00
00
00
00
00
00
00
00
00
00
00
00
00
00
00
00
00
00
00
00
00
00
00
00
00
00
00
00
00
00
00
00
00
00
00
00
00
00
00
00
00
00
00
00
00
00
00
00
00
00
00
00
00
00
00
00
00
00
00
00
00
00
00
00
00
00
00
00
00
6C
76
00
00
53
2A
00
00
00
5F
00
00
00
53
7F
00
61
00
00
28
52
00
00
00
00
00
00
6D
00
00
16
5A
13
00
00
52
00
00
71
6E
00
53
00
00
5C
00
00
07
00
00
00
00
00
6D
00
00
62
00
1A
00
00
00
7A
00
00
55
00
00
00
69
2B
00
00
17
00
12
00
5F
00
00
00
54
00
00
5E
29
00
18
00
00
6B
00
00
00
00
00
0E
53
00
00
5C
6B
00
18
00
00
00
52
00
00
00
00
00
00
00
00
53
00
00
00
00
00
5A
16
00
00
00
00
7F
00
00
00
02
00
00
00
00
01
00
00
00
01
00
00
7F
00
00
00
02
00
00
00
00
00
00
7F
00
00
0E
7F
0A
00
00
02
00
00
01
7F
00
01
00
00
01
00
00
05
00
00
00
00
00
01
00
00
01
00
10
00
00
00
00
00
00
01
00
00
00
7F
00
00
00
0F
00
0B
00
01
00
00
00
02
00
00
7F
00
00
0F
00
00
7F
00
00
00
00
00
08
01
00
00
7F
7F
00
0F
00
00
00
01
00
00
00
00
00
00
00
00
01
00
00
00
00
00
7F
0D
00
00
00
00
00
00
00
00
00
00
00
00
00
00
00
00
00
00
00
00
00
00
00
00
00
00
00
00
00
00
00
00
00
00
00
00
00
00
00
00
00
00
00
00
00
00
00
00
00
00
00
00
00
00
00
00
00
00
00
00
00
00
00
00
00
00
00
00
00
00
00
00
00
00
00
00
00
00
00
00
00
00
00
00
00
00
00
00
00
00
00
00
00
00
00
00
00
00
00
00
00
00
00
00
00
00
00
00
00
00
00
00
00
00
00
00
00
00
00
00
00
00
00
00
00
00
00
00
00
00
00
00
00
00
00
00
00
00
00
00
00
00
00
00
00
00
00
00
00
00
00
00
00
00
00
00
00
00
00
00
00
00
00
00
00
00
00
00
00
00
00
00
00
00
00
00
00
00
00
00
00
00
00
00
00
00
00
00
00
00
00
00
00
00
00
00
00
00
00
00
00
00
00
00
00
00
00
00
00
00
00
00
00
00
00
00
00
00
00
00
00
00
00
00
00
00
00
00
00
00
00
00
00
00
00
00
00
00
00
00
00
00
00
00
00
00
00
00
00
00
00
00
00
00
00
00
00
00
00
00
00
05
00
00
7F
00
00
00
00
7F
00
00
00
7F
01
00
0F
00
00
00
7F
00
00
00
00
00
00
00
00
00
7F
10
7F
00
00
7F
00
00
00
00
00
7F
00
00
7F
00
00
00
00
00
00
00
00
00
00
00
7F
00
00
00
00
00
00
00
00
7F
00
00
00
01
00
00
00
7F
00
7F
00
7F
00
00
00
7E
00
00
10
00
00
7F
00
00
00
00
00
00
00
00
00
7F
00
00
0F
00
00
00
00
00
00
7F
00
00
00
00
00
00
00
00
7F
00
00
00
00
00
10
7F
00
00
00
00
00
09
00
00
00
00
00
00
00
00
00
00
00
00
02
00
1D
00
00
00
00
00
00
00
00
00
00
00
00
00
7F
1E
7F
00
00
7F
00
00
00
00
00
00
00
00
00
00
00
00
00
00
00
00
00
00
00
00
00
00
00
00
00
00
00
00
00
00
00
00
00
00
01
00
00
7F
00
00
00
00
00
00
00
7F
00
00
1F
01
00
00
00
00
00
00
00
00
00
00
00
00
00
00
1C
00
00
00
00
00
00
00
00
00
00
00
00
00
00
00
7F
00
00
00
00
00
1E
00
00
00
00
00
00
00
00
00
00
00
00
00
00
00
00
00
00
00
00
00
00
00
00
00
00
00
00
00
00
00
00
00
00
00
00
00
00
00
00
00
00
00
00
00
00
00
00
00
00
00
00
00
00
00
00
00
00
00
00
00
00
00
00
00
00
00
00
00
00
00
00
00
00
00
00
00
00
00
00
00
00
00
00
00
00
00
00
00
00
00
00
00
00
00
00
00
00
00
00
00
00
00
00
00
00
00
00
00
00
00
00
00
00
00
00
00
00
00
00
00
00
00
00
00
00
00
00
00
00
00
00
00
08
02
00
00
15
69
00
00
00
10
00
00
00
15
00
00
06
00
00
6B
15
00
00
00
00
00
00
08
00
00
7B
07
7D
00
00
15
00
00
08
07
00
16
00
00
12
00
00
7F
00
00
00
00
00
09
00
00
0E
00
79
00
00
00
03
00
00
14
00
00
00
09
6A
00
00
7B
00
7B
00
0F
00
00
00
14
00
00
08
69
00
7A
00
00
08
00
00
00
00
00
7D
15
00
00
07
09
00
7B
00
00
00
16
00
00
00
00
00
00
00
00
15
00
00
00
00
00
07
7C
00
00
00
00
23
00
00
00
00
01
00
00
00
00
00
00
00
7F
00
00
7F
00
00
01
00
00
00
00
00
00
00
23
00
00
7F
7F
00
00
00
00
00
00
00
23
00
00
00
00
00
00
00
00
00
00
00
00
00
00
00
00
00
00
7F
00
00
00
00
00
00
00
00
00
00
24
01
00
00
7F
00
00
00
00
00
00
00
00
00
00
7F
01
00
7F
00
00
22
00
00
00
00
00
00
7F
00
00
7F
23
00
00
00
00
00
00
00
00
00
00
00
00
00
00
00
00
00
00
00
00
7F
7F
00
00
00
00
00
00
00
00
00
00
00
00
00
00
00
00
00
00
00
00
00
00
00
00
00
00
00
00
00
00
00
00
00
00
00
00
00
00
00
00
00
00
00
00
00
00
00
00
00
00
00
00
00
00
00
00
00
00
00
00
00
00
00
00
00
00
00
00
00
00
00
00
00
00
00
00
00
00
00
00
00
00
00
00
00
00
00
00
00
00
00
00
00
00
00
00
00
00
00
00
00
00
00
00
00
00
00
00
00
00
00
00
00
00
00
00
00
00
00
00
00
00
00
00
00
00
00
00
00
00
00
00
00
07
00
00
00
00
00
00
00
00
00
00
00
00
01
00
14
00
00
00
00
00
00
00
00
00
00
00
00
00
00
15
7F
00
00
00
00
00
00
00
00
00
00
00
00
00
00
00
00
00
00
00
00
00
00
00
00
00
00
00
00
00
00
00
00
00
00
00
00
00
01
00
00
00
00
00
00
00
00
00
00
7F
00
00
16
01
00
00
00
00
00
00
00
00
00
00
00
00
00
00
14
00
00
00
00
00
00
00
00
00
00
00
00
00
00
00
7F
00
00
00
00
00
15
00
00
00
00
00
00
00
00
00
00
00
00
00
00
00
00
00
00
00
00
00
00
00
00
00
00
00
00
00
00
00
00
00
00
00
00
00
00
00
00
00
00
00
00
00
00
00
00
00
00
00
00
00
00
00
00
00
00
00
00
00
00
00
00
00
00
00
00
00
00
00
00
00
00
00
00
00
00
00
00
00
00
00
00
00
00
00
00
00
00
00
00
00
00
00
00
00
00
00
00
00
00
00
00
00
00
00
00
00
00
00
00
00
00
00
00
00
00
00
00
00
00
00
00
00
00
00
00
00
00
00
00
00
23
7F
00
00
7E
01
00
00
00
7E
00
00
00
7D
00
00
7D
00
00
02
7D
00
00
00
00
00
00
23
00
00
7E
7D
7F
00
00
7D
00
00
7F
23
00
7D
00
00
7E
00
00
7F
00
00
00
00
00
7F
00
00
7E
00
7E
00
00
00
00
00
00
7E
00
00
00
24
01
00
00
7E
00
7F
00
7E
00
00
00
7D
00
00
7D
01
00
7E
00
00
21
00
00
00
00
00
7F
7D
00
00
7D
22
00
7E
00
00
00
7E
00
00
00
00
00
00
00
00
7E
00
00
00
00
00
7C
7E
00
00
00
00
00
00
00
00
00
00
00
00
00
00
00
00
00
00
00
00
00
00
00
00
00
00
00
00
00
00
00
00
00
00
00
00
00
00
00
00
00
00
00
00
00
00
00
00
00
00
00
00
00
00
00
00
00
00
00
00
00
00
00
00
00
00
00
00
00
00
00
00
00
00
00
00
00
00
00
00
00
00
00
00
00
00
00
00
00
00
00
00
00
00
00
00
00
00
00
00
00
00
00
00
00
00
00
00
00
00
00
00
00
00
00
00
00
00
00
00
00
00
00
00
00
00
00
00
00
00
00
00
0E
00
00
00
7F
01
00
00
00
7F
00
00
00
7F
00
00
00
00
00
01
7F
00
00
00
00
00
00
0E
00
00
00
00
00
00
00
7F
00
00
00
0E
00
7F
00
00
7F
00
00
00
00
00
00
00
00
00
00
00
00
00
00
00
00
00
00
00
00
00
00
00
00
0F
01
00
00
00
00
00
00
00
00
00
00
7F
00
00
00
00
00
00
00
00
0E
00
00
00
00
00
00
7F
00
00
00
0E
00
00
00
00
00
00
00
00
00
00
00
00
00
00
7F
00
00
00
00
00
00
00
00
00
00
00
00
7B
00
00
05
03
00
00
00
04
00
00
00
06
7E
00
76
00
00
03
04
00
00
00
00
00
00
00
00
00
4F
74
5B
00
00
06
00
00
03
02
00
07
00
00
05
00
00
70
00
00
00
00
00
02
00
00
05
00
4B
00
00
00
01
00
00
07
00
00
00
01
04
00
00
4A
00
58
00
04
00
00
00
06
00
00
72
02
00
4C
00
00
7F
00
00
00
00
00
63
07
00
00
73
00
00
4D
00
00
00
06
00
00
00
00
00
00
00
00
06
00
00
00
00
00
73
51
00
00
00
00
00
00
00
00
00
00
00
00
00
00
00
00
00
00
00
00
00
00
00
00
00
00
00
00
00
00
00
00
00
00
00
00
00
00
00
00
00
00
00
00
00
00
00
00
00
00
00
00
00
00
00
00
00
00
00
00
00
00
00
00
00
00
00
00
00
00
00
00
00
00
00
00
00
00
00
00
00
00
00
00
00
00
00
00
00
00
00
00
00
00
00
00
00
00
00
00
00
00
00
00
00
00
00
00
00
00
00
00
00
00
00
00
00
00
00
00
00
00
00
00
00
00
00
00
00
00
00
00
02
00
00
00
00
01
00
00
00
00
00
00
00
00
00
00
7E
00
00
00
01
00
00
00
00
00
00
01
00
00
17
7D
11
00
00
01
00
00
00
01
00
00
00
00
00
00
00
08
00
00
00
00
00
00
00
00
00
00
19
00
00
00
00
00
00
00
00
00
00
01
00
00
00
19
00
12
00
00
00
00
00
01
00
00
7E
01
00
18
00
00
01
00
00
00
00
00
0D
00
00
00
7E
01
00
17
00
00
00
00
00
00
00
00
00
00
00
00
00
00
00
00
00
00
7E
16
00
00
00
00
7F
7F
00
00
00
29
00
00
00
7F
00
00
00
00
00
00
00
00
00
28
7F
00
00
00
00
00
00
00
00
00
01
00
01
00
00
7F
00
00
00
7F
00
7F
00
00
00
00
00
00
00
00
00
00
00
00
00
00
00
00
01
00
00
00
00
00
00
00
00
00
00
7F
28
00
00
01
00
01
00
00
00
00
00
00
00
00
00
28
00
01
00
00
7F
00
00
00
00
00
00
00
00
00
00
00
00
01
00
00
00
00
00
00
00
00
00
00
00
00
00
00
00
00
00
00
7F
01
00
00
00
00
00
06
00
00
7F
00
00
00
00
00
00
00
00
00
01
00
11
00
00
00
00
00
00
00
00
00
00
00
00
00
7F
12
7F
00
00
7F
00
00
00
00
00
7F
00
00
7F
00
00
00
00
00
00
00
00
00
00
00
00
00
00
00
00
00
00
00
00
00
00
00
00
00
00
00
00
7F
00
00
00
7F
00
00
00
7F
00
00
13
00
00
7F
00
00
00
00
00
00
00
00
00
7F
00
00
11
00
00
00
00
00
00
00
00
00
00
00
00
00
00
00
7F
00
00
00
00
00
12
7F
00
00
00
00
01
02
00
00
0A
01
00
00
00
07
00
00
00
0A
00
00
05
00
00
01
0A
00
00
00
00
00
00
01
00
00
7F
05
7F
00
00
0A
00
00
04
01
00
0A
00
00
08
00
00
00
00
00
00
00
00
04
00
00
06
00
7F
00
00
00
01
00
00
09
00
00
00
01
01
00
00
7F
00
7F
00
07
00
00
00
09
00
00
05
01
00
7F
00
00
01
00
00
00
00
00
7F
0A
00
00
05
01
00
7F
00
00
00
0A
00
00
00
00
00
00
00
00
09
00
00
00
00
00
05
7F
00
00
00
00
00
04
00
00
7F
00
00
00
00
00
00
00
00
00
01
00
0E
00
00
00
00
00
00
00
00
00
00
00
00
00
7F
0E
7F
00
00
7F
00
00
00
00
00
7F
00
00
7F
00
00
00
00
00
00
00
00
00
00
00
00
00
00
00
00
00
00
00
00
00
00
00
00
00
00
00
00
7F
00
00
00
00
00
00
00
7F
00
00
0F
00
00
7F
00
00
00
00
00
00
00
00
00
7F
00
00
0D
00
00
00
00
00
00
00
00
00
00
00
00
00
00
00
7F
00
00
00
00
00
0F
00
00
00
00
00
76
72
00
00
70
67
00
00
00
74
00
00
00
70
7E
00
52
00
00
69
70
00
00
00
00
00
00
7A
00
00
5A
52
64
00
00
70
00
00
7B
79
00
72
00
00
74
00
00
74
00
00
00
00
00
79
00
00
77
00
58
00
00
00
7E
00
00
70
00
00
00
78
6A
00
00
56
00
62
00
74
00
00
00
71
00
00
54
69
00
59
00
00
78
00
00
00
00
00
69
71
00
00
52
78
00
57
00
00
00
70
00
00
00
00
00
00
00
00
71
00
00
00
00
00
55
5C
00
00
00
00
00
00
00
00
00
00
00
00
00
00
00
00
00
00
00
00
00
00
00
00
00
00
00
00
00
00
00
00
00
00
00
00
00
00
00
00
00
00
00
00
00
00
00
00
00
00
00
00
00
00
00
00
00
00
00
00
00
00
00
00
00
00
00
00
00
00
00
00
00
00
00
00
00
00
00
00
00
00
00
00
00
00
00
00
00
00
00
00
00
00
00
00
00
00
00
00
00
00
00
00
00
00
00
00
00
00
00
00
00
00
00
00
00
00
00
00
00
00
00
00
00
00
00
00
00
00
00
00
00
00
00
00
00
00
00
00
00
00
00
00
00
00
00
00
00
00
00
00
00
00
00
00
00
00
00
00
00
00
00
00
00
00
00
00
00
00
00
00
00
00
00
00
00
00
00
00
00
00
00
00
00
00
00
00
00
00
00
00
00
00
00
00
00
00
00
00
00
00
00
00
00
00
00
00
00
00
00
00
00
00
00
00
00
00
00
00
00
00
00
00
00
00
00
00
00
00
00
00
00
00
00
00
00
00
00
00
00
00
00
00
00
00
00
00
00
00
00
00
00
00
00
00
00
00
00
00
00
00
00
00
00
00
00
00
00
00
00
00
00
00
00
00
00
00
00
00
00
00
00
00
00
00
00
00
00
00
00
00
00
00
00
00
00
00
00
00
00
00
00
00
00
00
00
00
00
00
00
00
00
00
00
00
00
00
00
00
00
00
00
00
00
00
00
00
00
00
00
00
00
00
00
00
00
00
00
00
00
00
00
00
00
00
00
00
00
00
00
00
00
00
00
00
00
00
00
00
00
00
00
00
00
00
00
00
00
00
00
00
00
00
00
00
00
00
00
00
00
00
00
00

