00
00
00
00
00
00
00
00
00
00
00
00
00
00
00
00
00
00
00
00
00
00
00
00
00
00
00
00
00
00
00
00
00
00
00
00
00
00
00
00
00
00
00
00
00
00
00
00
00
00
00
00
00
00
00
00
00
00
00
00
00
00
00
00
5A
00
0A
AF
00
00
4C
00
01
00
00
0A
A9
00
00
00
00
00
FC
00
57
00
52
00
00
FF
00
00
00
11
FC
00
9A
00
F7
5D
00
00
9E
00
F9
00
00
FC
66
00
00
00
00
00
02
00
9B
00
A4
00
00
07
00
00
00
F3
FA
00
F9
00
FF
07
00
00
F9
00
FF
00
00
FF
07
00
00
00
00
00
01
00
F9
00
F8
00
00
01
00
00
00
FF
FF
00
F8
00
01
09
00
00
F7
00
00
00
00
01
08
00
00
00
00
00
FF
00
F8
00
F7
00
00
00
00
00
00
01
00
00
00
00
00
00
00
00
00
00
00
00
00
00
00
00
00
00
00
00
00
00
00
00
00
00
00
00
00
00
00
00
00
00
00
00
00
00
00
00
00
00
00
00
00
00
00
00
00
00
00
00
00
00
00
00
00
00
00
00
00
00
00
00
00
00
00
00
00
00
00
00
00
00
00
00
00
00
00
00
00
00
00
00
00
00
00
00
00
00
00
00
00
00
00
00
00
00
00
00
00
00
00
00
00
00
00
00
00
00
00
00
00
00
00
00
00
00
00
00
00
00
00
00
00
00
00
00
00
00
00
00
00
00
00
00
00
00
00
00
00
00
00
00
00
00
00
00
00
00
00
00
00
00
00
00
00
00
00
00
00
00
00
00
00
00
00
00
00
00
00
00
00
00
00
00
00
00
00
00
00
00
00
00
00
00
00
00
00
00
00
00
00
00
87
00
0E
7C
00
00
80
00
0A
00
00
0D
7B
00
00
00
00
00
F4
00
87
00
7E
00
00
F8
00
00
00
14
06
00
7A
00
F0
83
00
00
80
00
01
00
00
F8
8A
00
00
00
00
00
09
00
7A
00
7D
00
00
FF
00
00
00
EC
05
00
00
00
00
01
00
00
FF
00
FD
00
00
FD
01
00
00
00
00
00
01
00
FF
00
FF
00
00
03
00
00
00
00
FD
00
00
00
01
00
00
00
00
00
FD
00
00
FD
00
00
00
00
00
00
00
00
00
00
00
00
00
03
00
00
00
00
FD
00
00
00
00
00
00
00
00
00
00
00
00
00
00
00
00
00
00
00
00
00
00
00
00
00
00
00
00
00
00
00
00
00
00
00
00
00
00
00
00
00
00
00
00
00
00
00
00
00
00
00
00
00
00
00
00
00
00
00
00
00
00
00
00
00
E8
00
4F
17
00
00
E4
00
E7
00
00
77
0E
00
00
00
00
00
B2
00
E9
00
E8
00
00
30
00
00
00
50
CC
00
17
00
DD
E3
00
00
1E
00
23
00
00
8D
DB
00
00
00
00
00
25
00
1B
00
1B
00
00
C1
00
00
00
E6
3D
00
04
00
FB
FD
00
00
06
00
DD
00
00
3A
FE
00
00
00
00
00
DA
00
06
00
06
00
00
47
00
00
00
18
BF
00
FB
00
14
06
00
00
01
00
32
00
00
D9
04
00
00
00
00
00
04
00
FB
00
FC
00
00
AF
00
00
00
0D
45
00
FE
00
EB
01
00
00
FD
00
FC
00
00
F3
03
00
00
00
00
00
19
00
FE
00
FD
00
00
02
00
00
00
EB
FD
00
00
00
F4
FF
00
00
FF
00
F7
00
00
F5
01
00
00
00
00
00
11
00
00
00
00
00
00
07
00
00
00
F3
F8
00
FD
00
01
04
00
00
FC
00
F0
00
00
F4
04
00
00
00
00
00
02
00
FD
00
FD
00
00
0F
00
00
00
00
F2
00
FF
00
01
01
00
00
FE
00
F0
00
00
F4
01
00
00
00
00
00
01
00
FF
00
FF
00
00
0F
00
00
00
01
F2
00
00
00
00
00
00
00
00
00
00
00
00
00
00
00
00
00
00
00
00
00
00
00
00
00
00
00
00
00
00
00
00
00
00
00
00
00
00
00
00
00
00
00
00
00
00
00
00
00
00
00
00
00
00
00
00
00
00
00
00
00
00
00
00
00
FF
00
27
02
00
00
FE
00
F8
00
00
02
01
00
00
00
00
00
DB
00
FF
00
FE
00
00
09
00
00
00
26
F6
00
FE
00
16
04
00
00
FD
00
F9
00
00
FA
02
00
00
00
00
00
EC
00
FE
00
FD
00
00
06
00
00
00
16
F9
00
F8
00
FF
08
00
00
F8
00
FF
00
00
FF
08
00
00
00
00
00
01
00
F8
00
F8
00
00
01
00
00
00
FF
FF
00
F7
00
01
0A
00
00
F7
00
00
00
00
01
09
00
00
00
00
00
FF
00
F7
00
F6
00
00
00
00
00
00
01
00
00

